EXEMPLE
4;3;8;1;6;0.0;1;0.140000;0.070000;0.700000;1.300000;20;20;0.750000;1;3;120;20;30
CONTACTE:L=5;PRESENCIA:P=0:L=30:A=30;PRESENCIA:P=90:L=35:A=30;PRESENCIA:P=-90:L=35:A=30
#
ROBANALISI
3;2;8;1;6;0;1;0.13;0.05;0.5;1.2;20;20;0.75;1;0;0.0;20;2
CONTACTE:L=5.000000;DISTANCIA:P=0.000000:L=45.000000:A=30.000000;DISTANCIA:P=180.000000:L=45.000000:A=30.000000;DISTANCIA:P=30.000000:L=45.000000:A=30.000000;DISTANCIA:P=-30.000000:L=45.000000:A=30.000000
#
ROBOANALISICOM
3;2;8;1;6;0;1;0.13;0.05;0.5;1.2;20;20;0.75;1;3;200;30;10
CONTACTE:L=5.000000;DISTANCIA:P=0.000000:L=45.000000:A=30.000000;DISTANCIA:P=180.000000:L=45.000000:A=30.000000;DISTANCIA:P=30.000000:L=45.000000:A=30.000000;DISTANCIA:P=-30.000000:L=45.000000:A=30.000000
#ROBOTANALISI2
ROBOANALISI2
3;2;8;1;6;0;1;0.13;0.02;0.4;1;20;20;0.75;1;0;0.0;20;2
CONTACTE:L=5.000000;DISTANCIA:P=0:L=35:A=30;DISTANCIA:P=30:L=35:A=30;DISTANCIA:P=-30:L=35:A=30
#
ROBOTTEST1
3;2;8;1;6;0;1;0.13;0.015;0.35;1;20;20;0;1;3;210.000000;30;13
CONTACTE:L=5.000000;DISTANCIA:P=0.000000:L=32.000000:A=30.000000;DISTANCIA:P=180.000000:L=32.000000:A=30.000000;DISTANCIA:P=30.000000:L=32.000000:A=30.000000;DISTANCIA:P=-30.000000:L=32.000000:A=30.000000
#
